2018-02-23 07:33:33.580514 +0800 CST
2018-02-23 07:33:33.791034 +0800 CST
2018-02-23 07:33:33.357686 +0800 CST
2018-02-23 07:33:33.661533 +0800 CST
2018-02-23 07:33:33.839368 +0800 CST
2018-02-23 07:33:33.50984 +0800 CST
2018-02-23 07:33:33.462634 +0800 CST
2018-02-23 07:33:33.634669 +0800 CST
2018-02-23 07:33:33.466936 +0800 CST
2018-02-23 07:33:33.501746 +0800 CST
2018-02-23 07:33:33.09695 +0800 CST
2018-02-23 07:33:33.182183 +0800 CST
2018-02-23 07:33:33.913244 +0800 CST
2018-02-23 07:33:33.629326 +0800 CST
2018-02-23 07:33:33.388774 +0800 CST
2018-02-23 07:33:33.614603 +0800 CST
2018-02-23 07:33:33.96165 +0800 CST
2018-02-23 07:33:33.520606 +0800 CST
2018-02-23 07:33:33.740436 +0800 CST
2018-02-23 07:33:33.722258 +0800 CST
2018-02-23 07:33:33.740945 +0800 CST
2018-02-23 07:33:33.515182 +0800 CST
2018-02-23 07:33:33.184816 +0800 CST
2018-02-23 07:33:33.992884 +0800 CST
2018-02-23 07:33:33.258026 +0800 CST
2018-02-23 07:33:33.825406 +0800 CST
2018-02-23 07:33:33.260333 +0800 CST
2018-02-23 07:33:33.321977005 +0800 CST
2018-02-23 07:33:33.606967005 +0800 CST
2018-02-23 07:33:33.289476003 +0800 CST
2018-02-23 07:33:33.250161 +0800 CST
2018-02-23 07:33:33.902550001 +0800 CST
2018-02-23 07:33:33.913605 +0800 CST
2018-02-23 07:33:33.866749 +0800 CST
2018-02-23 07:33:33.254593004 +0800 CST
2018-02-23 07:33:33.156604 +0800 CST
2018-02-23 07:33:33.641301 +0800 CST
2018-02-23 07:33:33.21109 +0800 CST
2018-02-23 07:33:33.81962 +0800 CST
2018-02-23 07:33:33.577482007 +0800 CST
2018-02-23 07:33:33.500775003 +0800 CST
2018-02-23 07:33:33.439209006 +0800 CST
2018-02-23 07:33:33.230001005 +0800 CST
2018-02-23 07:33:33.716560005 +0800 CST
2018-02-23 07:33:33.214887003 +0800 CST
2018-02-23 07:33:33.688822005 +0800 CST
2018-02-23 07:33:33.614966 +0800 CST
2018-02-23 07:33:33.632311004 +0800 CST
2018-02-23 07:33:33.693187 +0800 CST
2018-02-23 07:33:33.271289 +0800 CST
2018-02-23 07:33:33.967615 +0800 CST
2018-02-23 07:33:33.216116 +0800 CST
2018-02-23 07:33:33.724221 +0800 CST
2018-02-23 07:33:33.074845 +0800 CST
2018-02-23 07:33:33.816047 +0800 CST
2018-02-23 07:33:33.633104 +0800 CST
2018-02-23 07:33:33.81565 +0800 CST
2018-02-23 07:33:33.469848 +0800 CST
2018-02-23 07:33:33.827511 +0800 CST
2018-02-23 07:33:33.654448 +0800 CST
2018-02-23 07:33:33.868248 +0800 CST
2018-02-23 07:33:33.116863 +0800 CST
2018-02-23 07:33:33.297687 +0800 CST
2018-02-23 07:33:33.157382 +0800 CST
2018-02-23 07:33:33.439169 +0800 CST
2018-02-23 07:33:33.681633 +0800 CST
2018-02-23 07:33:33.921515 +0800 CST
2018-02-23 07:33:33.929616 +0800 CST
2018-02-23 07:33:33.821547 +0800 CST
2018-02-23 07:33:33.275905 +0800 CST
2018-02-23 07:33:33.185174 +0800 CST
2018-02-23 07:33:33.156755 +0800 CST
2018-02-23 07:33:33.357024 +0800 CST
2018-02-23 07:33:33.807787 +0800 CST
2018-02-23 07:33:33.526469 +0800 CST
2018-02-23 07:33:33.211335 +0800 CST
2018-02-23 07:33:33.592174 +0800 CST
2018-02-23 07:33:33.00441 +0800 CST
2018-02-23 07:33:33.854478 +0800 CST
2018-02-23 07:33:33.427533 +0800 CST
2018-02-23 07:33:33.916567 +0800 CST
2018-02-23 07:33:33.38783 +0800 CST
2018-02-23 07:33:33.881071 +0800 CST
2018-02-23 07:33:33.956803 +0800 CST
2018-02-23 07:33:33.807078 +0800 CST
2018-02-23 07:33:33.697993 +0800 CST
2018-02-23 07:33:33.23192 +0800 CST
2018-02-23 07:33:33.088715 +0800 CST
2018-02-23 07:33:33.202651 +0800 CST
2018-02-23 07:33:33.660738 +0800 CST
2018-02-23 07:33:33.428715 +0800 CST
2018-02-23 07:33:33.479733 +0800 CST
2018-02-23 07:33:33.704032 +0800 CST
2018-02-23 07:33:33.89919 +0800 CST
2018-02-23 07:33:33.823544 +0800 CST
2018-02-23 07:33:33.782066 +0800 CST
2018-02-23 07:33:33.049786 +0800 CST
2018-02-23 07:33:33.890861 +0800 CST
2018-02-23 07:33:33.698471 +0800 CST
2018-02-23 07:33:33.193759 +0800 CST
2018-02-23 07:33:33.706841 +0800 CST
2018-02-23 07:33:33.847414003 +0800 CST
2018-02-23 07:33:33.602979003 +0800 CST
2018-02-23 07:33:33.564955005 +0800 CST
2018-02-23 07:33:33.574451001 +0800 CST
2018-02-23 07:33:33.070789001 +0800 CST
2018-02-23 07:33:33.457907 +0800 CST
2018-02-23 07:33:33.155416005 +0800 CST
2018-02-23 07:33:33.503045006 +0800 CST
2018-02-23 07:33:33.948023 +0800 CST
2018-02-23 07:33:33.993341006 +0800 CST
2018-02-23 07:33:33.586885007 +0800 CST
2018-02-23 07:33:33.678245002 +0800 CST
2018-02-23 07:33:33.232829004 +0800 CST
2018-02-23 07:33:33.650859006 +0800 CST
2018-02-23 07:33:33.13842 +0800 CST
2018-02-23 07:33:33.062290006 +0800 CST
2018-02-23 07:33:33.519112007 +0800 CST
2018-02-23 07:33:33.304423001 +0800 CST
2018-02-23 07:33:33.952853 +0800 CST
2018-02-23 07:33:33.326975003 +0800 CST
2018-02-23 07:33:33.097985002 +0800 CST
2018-02-23 07:33:33.068808002 +0800 CST
2018-02-23 07:33:33.735772005 +0800 CST
2018-02-23 07:33:33.993056002 +0800 CST
2018-02-23 07:33:33.787255005 +0800 CST
2018-02-23 07:33:33.533225006 +0800 CST
2018-02-23 07:33:33.166932002 +0800 CST
2018-02-23 07:33:33.718722006 +0800 CST
2018-02-23 07:33:33.202689001 +0800 CST
2018-02-23 07:33:33.684427002 +0800 CST
2018-02-23 07:33:33.098351002 +0800 CST
2018-02-23 07:33:33.217936005 +0800 CST
2018-02-23 07:33:33.145986001 +0800 CST
2018-02-23 07:33:33.67959 +0800 CST
2018-02-23 07:33:33.417486002 +0800 CST
2018-02-23 07:33:33.194747003 +0800 CST
2018-02-23 07:33:33.350358 +0800 CST
2018-02-23 07:33:33.682743007 +0800 CST
2018-02-23 07:33:33.359035002 +0800 CST
2018-02-23 07:33:33.940864006 +0800 CST
2018-02-23 07:33:33.370705 +0800 CST
2018-02-23 07:33:33.809234003 +0800 CST
2018-02-23 07:33:33.750296005 +0800 CST
2018-02-23 07:33:33.310121007 +0800 CST
2018-02-23 07:33:33.53455 +0800 CST
2018-02-23 07:33:33.295646006 +0800 CST
2018-02-23 07:33:33.982054001 +0800 CST
2018-02-23 07:33:33.762333003 +0800 CST
2018-02-23 07:33:33.709126001 +0800 CST
2018-02-23 07:33:33.111966002 +0800 CST
2018-02-23 07:33:33.766793003 +0800 CST
2018-02-23 07:33:33.430984005 +0800 CST
2018-02-23 07:33:33.684680007 +0800 CST
2018-02-23 07:33:33.591515003 +0800 CST
2018-02-23 07:33:33.704433002 +0800 CST
2018-02-23 07:33:33.029421007 +0800 CST
2018-02-23 07:33:33.022320003 +0800 CST
2018-02-23 07:33:33.373679002 +0800 CST
2018-02-23 07:33:33.159729 +0800 CST
2018-02-23 07:33:33.411229002 +0800 CST
2018-02-23 07:33:33.304378002 +0800 CST
2018-02-23 07:33:33.311571003 +0800 CST
2018-02-23 07:33:33.850890004 +0800 CST
2018-02-23 07:33:33.431882005 +0800 CST
2018-02-23 07:33:33.244710006 +0800 CST
2018-02-23 07:33:33.374219006 +0800 CST
2018-02-23 07:33:33.027895001 +0800 CST
2018-02-23 07:33:33.714035007 +0800 CST
2018-02-23 07:33:33.841739004 +0800 CST
2018-02-23 07:33:33.490620002 +0800 CST
2018-02-23 07:33:33.255456004 +0800 CST
2018-02-23 07:33:33.121213005 +0800 CST
2018-02-23 07:33:33.618157001 +0800 CST
2018-02-23 07:33:33.738664002 +0800 CST
2018-02-23 07:33:33.305683005 +0800 CST
2018-02-23 07:33:33.086416003 +0800 CST
2018-02-23 07:33:33.351370002 +0800 CST
2018-02-23 07:33:33.131313 +0800 CST
2018-02-23 07:33:33.720310005 +0800 CST
2018-02-23 07:33:33.453814006 +0800 CST
2018-02-23 07:33:33.390615005 +0800 CST
2018-02-23 07:33:33.223125001 +0800 CST
2018-02-23 07:33:33.101151001 +0800 CST
2018-02-23 07:33:33.532491002 +0800 CST
2018-02-23 07:33:33.285608004 +0800 CST
2018-02-23 07:33:33.006758007 +0800 CST
2018-02-23 07:33:33.884063004 +0800 CST
2018-02-23 07:33:33.311548 +0800 CST
2018-02-23 07:33:33.107697002 +0800 CST
2018-02-23 07:33:33.359073001 +0800 CST
2018-02-23 07:33:33.608559001 +0800 CST
2018-02-23 07:33:33.313487001 +0800 CST
2018-02-23 07:33:33.965438006 +0800 CST
2018-02-23 07:33:33.527557002 +0800 CST
2018-02-23 07:33:33.490278001 +0800 CST
2018-02-23 07:33:33.873471006 +0800 CST
2018-02-23 07:33:33.106025005 +0800 CST
2018-02-23 07:33:33.278356006 +0800 CST
2018-02-23 07:33:33.681474007 +0800 CST
2018-02-23 07:33:33.989870004 +0800 CST
2018-02-23 07:33:33.772920007 +0800 CST
2018-02-23 07:33:33.085952003 +0800 CST
2018-02-23 07:33:33.443866002 +0800 CST
2018-02-23 07:33:33.154987006 +0800 CST
2018-02-23 07:33:33.029687007 +0800 CST
2018-02-23 07:33:33.481220006 +0800 CST
2018-02-23 07:33:33.684385007 +0800 CST
2018-02-23 07:33:33.011743003 +0800 CST
2018-02-23 07:33:33.774318 +0800 CST
2018-02-23 07:33:33.042076004 +0800 CST
2018-02-23 07:33:33.061861005 +0800 CST
2018-02-23 07:33:33.177409006 +0800 CST
2018-02-23 07:33:33.531448003 +0800 CST
2018-02-23 07:33:33.874190007 +0800 CST
2018-02-23 07:33:33.234327004 +0800 CST
2018-02-23 07:33:33.107012001 +0800 CST
2018-02-23 07:33:33.615307006 +0800 CST
2018-02-23 07:33:33.603317003 +0800 CST
2018-02-23 07:33:33.796586001 +0800 CST
2018-02-23 07:33:33.014355002 +0800 CST
2018-02-23 07:33:33.203706005 +0800 CST
2018-02-23 07:33:33.574392006 +0800 CST
2018-02-23 07:33:33.468218004 +0800 CST
2018-02-23 07:33:33.252438 +0800 CST
2018-02-23 07:33:33.934452001 +0800 CST
2018-02-23 07:33:33.591477001 +0800 CST
2018-02-23 07:33:33.929769007 +0800 CST
2018-02-23 07:33:33.871350004 +0800 CST
2018-02-23 07:33:33.584558004 +0800 CST
2018-02-23 07:33:33.084070007 +0800 CST
2018-02-23 07:33:33.283188004 +0800 CST
2018-02-23 07:33:33.431588 +0800 CST
2018-02-23 07:33:33.869949 +0800 CST
2018-02-23 07:33:33.845935 +0800 CST
2018-02-23 07:33:33.175152 +0800 CST
2018-02-23 07:33:33.698503 +0800 CST
2018-02-23 07:33:33.485721 +0800 CST
2018-02-23 07:33:33.105785 +0800 CST
2018-02-23 07:33:33.905097 +0800 CST
2018-02-23 07:33:33.100733 +0800 CST
2018-02-23 07:33:33.977216 +0800 CST
2018-02-23 07:33:33.323225 +0800 CST
2018-02-23 07:33:33.067218 +0800 CST
2018-02-23 07:33:33.279462 +0800 CST
2018-02-23 07:33:33.503643 +0800 CST
2018-02-23 07:33:33.391119 +0800 CST
2018-02-23 07:33:33.936864 +0800 CST
2018-02-23 07:33:33.419718 +0800 CST
2018-02-23 07:33:33.697975 +0800 CST
2018-02-23 07:33:33.049214 +0800 CST
2018-02-23 07:33:33.252565 +0800 CST
2018-02-23 07:33:33.307415 +0800 CST
2018-02-23 07:33:33.880141 +0800 CST
2018-02-23 07:33:33.958015 +0800 CST
2018-02-23 07:33:33.027172 +0800 CST
2018-02-23 07:33:33.032017 +0800 CST
2018-02-23 07:33:33.136763 +0800 CST
2018-02-23 07:33:33.506049 +0800 CST
2018-02-23 07:33:33.817182 +0800 CST
2018-02-23 07:33:33.746324 +0800 CST
2018-02-23 07:33:33.821025 +0800 CST
2018-02-23 07:33:33.863954 +0800 CST
2018-02-23 07:33:33.662621 +0800 CST
2018-02-23 07:33:33.264832002 +0800 CST
2018-02-23 07:33:33.462265006 +0800 CST
2018-02-23 07:33:33.171288005 +0800 CST
2018-02-23 07:33:33.348445004 +0800 CST
2018-02-23 07:33:33.382785 +0800 CST
2018-02-23 07:33:33.398348004 +0800 CST
2018-02-23 07:33:33.991369 +0800 CST
2018-02-23 07:33:33.323615002 +0800 CST
2018-02-23 07:33:33.091636 +0800 CST
2018-02-23 07:33:33.800998 +0800 CST
2018-02-23 07:33:33.715742 +0800 CST
2018-02-23 07:33:33.119303 +0800 CST
2018-02-23 07:33:33.620880003 +0800 CST
2018-02-23 07:33:33.496109005 +0800 CST
2018-02-23 07:33:33.878188007 +0800 CST
2018-02-23 07:33:33.549196002 +0800 CST
2018-02-23 07:33:33.111955006 +0800 CST
2018-02-23 07:33:33.436666005 +0800 CST
2018-02-23 07:33:33.994917006 +0800 CST
2018-02-23 07:33:33.614984004 +0800 CST
2018-02-23 07:33:33.154696002 +0800 CST
2018-02-23 07:33:33.848545 +0800 CST
2018-02-23 07:33:33.532421 +0800 CST
2018-02-23 07:33:33.744238 +0800 CST
2018-02-23 07:33:33.077463 +0800 CST
2018-02-23 07:33:33.029955 +0800 CST
2018-02-23 07:33:33.353421 +0800 CST
2018-02-23 07:33:33.024135 +0800 CST
2018-02-23 07:33:33.210852 +0800 CST
2018-02-23 07:33:33.852843 +0800 CST
2018-02-23 07:33:33.046924 +0800 CST
2018-02-23 07:33:33.748209 +0800 CST
2018-02-23 07:33:33.294655 +0800 CST
2018-02-23 07:33:33.125542 +0800 CST
2018-02-23 07:33:33.099562 +0800 CST
2018-02-23 07:33:33.371899 +0800 CST
2018-02-23 07:33:33.979177 +0800 CST
2018-02-23 07:33:33.712241 +0800 CST
2018-02-23 07:33:33.109219 +0800 CST
2018-02-23 07:33:33.021059 +0800 CST
2018-02-23 07:33:33.422547 +0800 CST
2018-02-23 07:33:33.963206 +0800 CST
2018-02-23 07:33:33.959862 +0800 CST
2018-02-23 07:33:33.455073 +0800 CST
2018-02-23 07:33:33.587712 +0800 CST
2018-02-23 07:33:33.487148 +0800 CST
2018-02-23 07:33:33.83961 +0800 CST
2018-02-23 07:33:33.168263 +0800 CST
2018-02-23 07:33:33.46702 +0800 CST
2018-02-23 07:33:33.578949 +0800 CST
2018-02-23 07:33:33.668335 +0800 CST
2018-02-23 07:33:33.615607 +0800 CST
2018-02-23 07:33:33.217261 +0800 CST
2018-02-23 07:33:33.823564 +0800 CST
2018-02-23 07:33:33.84271 +0800 CST
2018-02-23 07:33:33.896118 +0800 CST
2018-02-23 07:33:33.894799 +0800 CST
2018-02-23 07:33:33.292521 +0800 CST
2018-02-23 07:33:33.382893 +0800 CST
2018-02-23 07:33:33.082063 +0800 CST
2018-02-23 07:33:33.744316 +0800 CST
2018-02-23 07:33:33.520122 +0800 CST
2018-02-23 07:33:33.744318 +0800 CST
2018-02-23 07:33:33.718288 +0800 CST
2018-02-23 07:33:33.205947 +0800 CST
2018-02-23 07:33:33.792467 +0800 CST
2018-02-23 07:33:33.727689 +0800 CST
2018-02-23 07:33:33.251865 +0800 CST
2018-02-23 07:33:33.254752 +0800 CST
2018-02-23 07:33:33.127022 +0800 CST
2018-02-23 07:33:33.57211 +0800 CST
2018-02-23 07:33:33.636426 +0800 CST
2018-02-23 07:33:33.953513 +0800 CST
2018-02-23 07:33:33.17983 +0800 CST
2018-02-23 07:33:33.564375 +0800 CST
2018-02-23 07:33:33.424763 +0800 CST
2018-02-23 07:33:33.764298 +0800 CST
2018-02-23 07:33:33.061021 +0800 CST
2018-02-23 07:33:33.85647 +0800 CST
2018-02-23 07:33:33.518527 +0800 CST
2018-02-23 07:33:33.268832 +0800 CST
2018-02-23 07:33:33.10828 +0800 CST
2018-02-23 07:33:33.096057 +0800 CST
2018-02-23 07:33:33.51983 +0800 CST
2018-02-23 07:33:33.566588 +0800 CST
2018-02-23 07:33:33.43173 +0800 CST
2018-02-23 07:33:33.930609 +0800 CST
2018-02-23 07:33:33.159717 +0800 CST
2018-02-23 07:33:33.513208 +0800 CST
2018-02-23 07:33:33.315904 +0800 CST
2018-02-23 07:33:33.01338 +0800 CST
2018-02-23 07:33:33.370405 +0800 CST
2018-02-23 07:33:33.495039 +0800 CST
2018-02-23 07:33:33.548467 +0800 CST
2018-02-23 07:33:33.382044 +0800 CST
2018-02-23 07:33:33.70598 +0800 CST
2018-02-23 07:33:33.419028 +0800 CST
2018-02-23 07:33:33.034846 +0800 CST
2018-02-23 07:33:33.172173 +0800 CST
2018-02-23 07:33:33.933765 +0800 CST
2018-02-23 07:33:33.524232 +0800 CST
2018-02-23 07:33:33.311204 +0800 CST
2018-02-23 07:33:33.083145 +0800 CST
2018-02-23 07:33:33.398935 +0800 CST
2018-02-23 07:33:33.564809 +0800 CST
2018-02-23 07:33:33.417671 +0800 CST
2018-02-23 07:33:33.105749 +0800 CST
2018-02-23 07:33:33.002472 +0800 CST
2018-02-23 07:33:33.610987 +0800 CST
2018-02-23 07:33:33.041614 +0800 CST
2018-02-23 07:33:33.610692 +0800 CST
2018-02-23 07:33:33.854412 +0800 CST
2018-02-23 07:33:33.885192 +0800 CST
2018-02-23 07:33:33.235205 +0800 CST
2018-02-23 07:33:33.00026 +0800 CST
2018-02-23 07:33:33.650116 +0800 CST
2018-02-23 07:33:33.852253 +0800 CST
2018-02-23 07:33:33.100496 +0800 CST
2018-02-23 07:33:33.703691 +0800 CST
2018-02-23 07:33:33.836207 +0800 CST
2018-02-23 07:33:33.127432 +0800 CST
2018-02-23 07:33:33.662972 +0800 CST
2018-02-23 07:33:33.50878 +0800 CST
2018-02-23 07:33:33.140861 +0800 CST
2018-02-23 07:33:33.632712 +0800 CST
2018-02-23 07:33:33.820113 +0800 CST
2018-02-23 07:33:33.967719 +0800 CST
2018-02-23 07:33:33.107919 +0800 CST
2018-02-23 07:33:33.677429 +0800 CST
2018-02-23 07:33:33.173902 +0800 CST
2018-02-23 07:33:33.383175 +0800 CST
2018-02-23 07:33:33.693523 +0800 CST
2018-02-23 07:33:33.024753 +0800 CST
2018-02-23 07:33:33.365076 +0800 CST
2018-02-23 07:33:33.978891 +0800 CST
2018-02-23 07:33:33.125833 +0800 CST
2018-02-23 07:33:33.656459 +0800 CST
2018-02-23 07:33:33.933131 +0800 CST
2018-02-23 07:33:33.191876 +0800 CST
2018-02-23 07:33:33.757358 +0800 CST
2018-02-23 07:33:33.89419 +0800 CST
2018-02-23 07:33:33.410186 +0800 CST
2018-02-23 07:33:33.675839 +0800 CST
2018-02-23 07:33:33.641555 +0800 CST
2018-02-23 07:33:33.320883 +0800 CST
2018-02-23 07:33:33.654401007 +0800 CST
2018-02-23 07:33:33.100561004 +0800 CST
2018-02-23 07:33:33.407182003 +0800 CST
2018-02-23 07:33:33.780516001 +0800 CST
2018-02-23 07:33:33.247087005 +0800 CST
2018-02-23 07:33:33.259093 +0800 CST
2018-02-23 07:33:33.194908003 +0800 CST
2018-02-23 07:33:33.771614005 +0800 CST
2018-02-23 07:33:33.244902007 +0800 CST
2018-02-23 07:33:33.192485003 +0800 CST
2018-02-23 07:33:33.173910005 +0800 CST
2018-02-23 07:33:33.193320003 +0800 CST
2018-02-23 07:33:33.941501004 +0800 CST
2018-02-23 07:33:33.859999 +0800 CST
2018-02-23 07:33:33.648131006 +0800 CST
2018-02-23 07:33:33.266328 +0800 CST
2018-02-23 07:33:33.706394 +0800 CST
2018-02-23 07:33:33.371978 +0800 CST
2018-02-23 07:33:33.860532 +0800 CST
2018-02-23 07:33:33.152387 +0800 CST
2018-02-23 07:33:33.246736 +0800 CST
2018-02-23 07:33:33.812788 +0800 CST
2018-02-23 07:33:33.778129 +0800 CST
2018-02-23 07:33:33.242432 +0800 CST
2018-02-23 07:33:33.259894 +0800 CST
2018-02-23 07:33:33.588306 +0800 CST
2018-02-23 07:33:33.558795 +0800 CST
2018-02-23 07:33:33.097102 +0800 CST
2018-02-23 07:33:33.002541 +0800 CST
2018-02-23 07:33:33.866007 +0800 CST
2018-02-23 07:33:33.466716 +0800 CST
2018-02-23 07:33:33.056218 +0800 CST
2018-02-23 07:33:33.403893 +0800 CST
2018-02-23 07:33:33.667538 +0800 CST
2018-02-23 07:33:33.637152 +0800 CST
2018-02-23 07:33:33.944074 +0800 CST
2018-02-23 07:33:33.208986 +0800 CST
2018-02-23 07:33:33.631302 +0800 CST
2018-02-23 07:33:33.342769 +0800 CST
2018-02-23 07:33:33.787564 +0800 CST
2018-02-23 07:33:33.627966 +0800 CST
2018-02-23 07:33:33.914824 +0800 CST
2018-02-23 07:33:33.731584 +0800 CST
2018-02-23 07:33:33.072185 +0800 CST
2018-02-23 07:33:33.689433 +0800 CST
2018-02-23 07:33:33.68898 +0800 CST
2018-02-23 07:33:33.989724 +0800 CST
2018-02-23 07:33:33.478982 +0800 CST
2018-02-23 07:33:33.655121 +0800 CST
2018-02-23 07:33:33.665407 +0800 CST
2018-02-23 07:33:33.885592 +0800 CST
2018-02-23 07:33:33.221638 +0800 CST
2018-02-23 07:33:33.936225 +0800 CST
2018-02-23 07:33:33.618327 +0800 CST
2018-02-23 07:33:33.931977 +0800 CST
2018-02-23 07:33:33.22368 +0800 CST
2018-02-23 07:33:33.361947 +0800 CST
2018-02-23 07:33:33.414017 +0800 CST
2018-02-23 07:33:33.565122 +0800 CST
2018-02-23 07:33:33.43298 +0800 CST
2018-02-23 07:33:33.26538 +0800 CST
2018-02-23 07:33:33.931987 +0800 CST
2018-02-23 07:33:33.537043 +0800 CST
2018-02-23 07:33:33.39589 +0800 CST
2018-02-23 07:33:33.110899 +0800 CST
2018-02-23 07:33:33.318551 +0800 CST
2018-02-23 07:33:33.685188 +0800 CST
2018-02-23 07:33:33.506597 +0800 CST
2018-02-23 07:33:33.63153 +0800 CST
2018-02-23 07:33:33.317564 +0800 CST
2018-02-23 07:33:33.239072 +0800 CST
2018-02-23 07:33:33.826079 +0800 CST
2018-02-23 07:33:33.768155 +0800 CST
2018-02-23 07:33:33.385598 +0800 CST
2018-02-23 07:33:33.970596 +0800 CST
2018-02-23 07:33:33.462353 +0800 CST
2018-02-23 07:33:33.508086 +0800 CST
2018-02-23 07:33:33.170139 +0800 CST
2018-02-23 07:33:33.230477 +0800 CST
2018-02-23 07:33:33.974855 +0800 CST
2018-02-23 07:33:33.790985 +0800 CST
2018-02-23 07:33:33.47366 +0800 CST
2018-02-23 07:33:33.713901 +0800 CST
2018-02-23 07:33:33.535442 +0800 CST
2018-02-23 07:33:33.942711 +0800 CST
2018-02-23 07:33:33.394583 +0800 CST
2018-02-23 07:33:33.588365 +0800 CST
2018-02-23 07:33:33.968548 +0800 CST
2018-02-23 07:33:33.807309 +0800 CST
2018-02-23 07:33:33.21724 +0800 CST
2018-02-23 07:33:33.371576 +0800 CST
2018-02-23 07:33:33.470384 +0800 CST
2018-02-23 07:33:33.860534 +0800 CST
2018-02-23 07:33:33.933654 +0800 CST
2018-02-23 07:33:33.841906 +0800 CST
2018-02-23 07:33:33.197193 +0800 CST
2018-02-23 07:33:33.121608 +0800 CST
2018-02-23 07:33:33.370641 +0800 CST
2018-02-23 07:33:33.72962 +0800 CST
2018-02-23 07:33:33.098341 +0800 CST
2018-02-23 07:33:33.595709 +0800 CST
2018-02-23 07:33:33.457243 +0800 CST
2018-02-23 07:33:33.038541 +0800 CST
2018-02-23 07:33:33.549764 +0800 CST
2018-02-23 07:33:33.529014 +0800 CST
2018-02-23 07:33:33.27168 +0800 CST
2018-02-23 07:33:33.085753 +0800 CST
2018-02-23 07:33:33.287977 +0800 CST
2018-02-23 07:33:33.465836 +0800 CST
2018-02-23 07:33:33.341585 +0800 CST
2018-02-23 07:33:33.235089 +0800 CST
2018-02-23 07:33:33.104543 +0800 CST
2018-02-23 07:33:33.440859 +0800 CST
2018-02-23 07:33:33.813308 +0800 CST
2018-02-23 07:33:33.78436 +0800 CST
2018-02-23 07:33:33.621404 +0800 CST
2018-02-23 07:33:33.975857 +0800 CST
2018-02-23 07:33:33.163407 +0800 CST
2018-02-23 07:33:33.659702 +0800 CST
2018-02-23 07:33:33.994331 +0800 CST
2018-02-23 07:33:33.052917 +0800 CST
2018-02-23 07:33:33.663593 +0800 CST
