2018-02-23 07:33:33.669415002 +0800 CST
2018-02-23 07:33:33.509972004 +0800 CST
2018-02-23 07:33:33.188635 +0800 CST
2018-02-23 07:33:33.186546004 +0800 CST
2018-02-23 07:33:33.339571005 +0800 CST
2018-02-23 07:33:33.276048004 +0800 CST
2018-02-23 07:33:33.356548 +0800 CST
2018-02-23 07:33:33.293275003 +0800 CST
2018-02-23 07:33:33.178963 +0800 CST
2018-02-23 07:33:33.306847001 +0800 CST
2018-02-23 07:33:33.811077 +0800 CST
2018-02-23 07:33:33.027877 +0800 CST
2018-02-23 07:33:33.408387005 +0800 CST
2018-02-23 07:33:33.62031 +0800 CST
2018-02-23 07:33:33.642478 +0800 CST
2018-02-23 07:33:33.94747 +0800 CST
2018-02-23 07:33:33.763111 +0800 CST
2018-02-23 07:33:33.070722 +0800 CST
2018-02-23 07:33:33.818190002 +0800 CST
2018-02-23 07:33:33.844798 +0800 CST
2018-02-23 07:33:33.628267004 +0800 CST
2018-02-23 07:33:33.749819 +0800 CST
2018-02-23 07:33:33.807212 +0800 CST
2018-02-23 07:33:33.864221 +0800 CST
2018-02-23 07:33:33.749328 +0800 CST
2018-02-23 07:33:33.900423 +0800 CST
2018-02-23 07:33:33.020358 +0800 CST
2018-02-23 07:33:33.203610006 +0800 CST
2018-02-23 07:33:33.238920007 +0800 CST
2018-02-23 07:33:33.966995005 +0800 CST
2018-02-23 07:33:33.087504006 +0800 CST
2018-02-23 07:33:33.647918003 +0800 CST
2018-02-23 07:33:33.598319003 +0800 CST
2018-02-23 07:33:33.433386001 +0800 CST
2018-02-23 07:33:33.785957004 +0800 CST
2018-02-23 07:33:33.361821004 +0800 CST
2018-02-23 07:33:33.712805006 +0800 CST
2018-02-23 07:33:33.581933001 +0800 CST
2018-02-23 07:33:33.184148007 +0800 CST
2018-02-23 07:33:33.719311002 +0800 CST
2018-02-23 07:33:33.471702004 +0800 CST
2018-02-23 07:33:33.275403003 +0800 CST
2018-02-23 07:33:33.305021003 +0800 CST
2018-02-23 07:33:33.007914004 +0800 CST
2018-02-23 07:33:33.775374006 +0800 CST
2018-02-23 07:33:33.911391006 +0800 CST
2018-02-23 07:33:33.418485001 +0800 CST
2018-02-23 07:33:33.949374006 +0800 CST
2018-02-23 07:33:33.625793001 +0800 CST
2018-02-23 07:33:33.547111004 +0800 CST
2018-02-23 07:33:33.852689002 +0800 CST
2018-02-23 07:33:33.896687 +0800 CST
2018-02-23 07:33:33.459093 +0800 CST
2018-02-23 07:33:33.568339 +0800 CST
2018-02-23 07:33:33.384219 +0800 CST
2018-02-23 07:33:33.862572 +0800 CST
2018-02-23 07:33:33.12776 +0800 CST
2018-02-23 07:33:33.325068 +0800 CST
2018-02-23 07:33:33.61549 +0800 CST
2018-02-23 07:33:33.804958002 +0800 CST
2018-02-23 07:33:33.939503002 +0800 CST
2018-02-23 07:33:33.509517004 +0800 CST
2018-02-23 07:33:33.65639 +0800 CST
2018-02-23 07:33:33.596431 +0800 CST
2018-02-23 07:33:33.058135 +0800 CST
2018-02-23 07:33:33.070624 +0800 CST
2018-02-23 07:33:33.756789 +0800 CST
2018-02-23 07:33:33.927855 +0800 CST
2018-02-23 07:33:33.801807 +0800 CST
2018-02-23 07:33:33.037259 +0800 CST
2018-02-23 07:33:33.498863001 +0800 CST
2018-02-23 07:33:33.739289 +0800 CST
2018-02-23 07:33:33.204257 +0800 CST
2018-02-23 07:33:33.360982 +0800 CST
2018-02-23 07:33:33.947894 +0800 CST
2018-02-23 07:33:33.388823 +0800 CST
2018-02-23 07:33:33.091752 +0800 CST
2018-02-23 07:33:33.323258 +0800 CST
2018-02-23 07:33:33.593253 +0800 CST
2018-02-23 07:33:33.484161 +0800 CST
2018-02-23 07:33:33.339444003 +0800 CST
2018-02-23 07:33:33.952486001 +0800 CST
2018-02-23 07:33:33.030414004 +0800 CST
2018-02-23 07:33:33.893526006 +0800 CST
2018-02-23 07:33:33.580639006 +0800 CST
2018-02-23 07:33:33.182436001 +0800 CST
2018-02-23 07:33:33.651278004 +0800 CST
2018-02-23 07:33:33.913532001 +0800 CST
2018-02-23 07:33:33.799701003 +0800 CST
2018-02-23 07:33:33.111325001 +0800 CST
2018-02-23 07:33:33.064021006 +0800 CST
2018-02-23 07:33:33.962077002 +0800 CST
2018-02-23 07:33:33.730382007 +0800 CST
2018-02-23 07:33:33.465943001 +0800 CST
2018-02-23 07:33:33.675169006 +0800 CST
2018-02-23 07:33:33.681229004 +0800 CST
2018-02-23 07:33:33.899856003 +0800 CST
2018-02-23 07:33:33.883789006 +0800 CST
2018-02-23 07:33:33.989406 +0800 CST
2018-02-23 07:33:33.828040007 +0800 CST
2018-02-23 07:33:33.010473002 +0800 CST
2018-02-23 07:33:33.441623003 +0800 CST
2018-02-23 07:33:33.607604007 +0800 CST
2018-02-23 07:33:33.839381004 +0800 CST
2018-02-23 07:33:33.888112006 +0800 CST
2018-02-23 07:33:33.111213006 +0800 CST
2018-02-23 07:33:33.070098004 +0800 CST
2018-02-23 07:33:33.278428005 +0800 CST
2018-02-23 07:33:33.443401006 +0800 CST
2018-02-23 07:33:33.382522002 +0800 CST
2018-02-23 07:33:33.812589003 +0800 CST
2018-02-23 07:33:33.506560002 +0800 CST
2018-02-23 07:33:33.408704003 +0800 CST
2018-02-23 07:33:33.800987003 +0800 CST
2018-02-23 07:33:33.607096002 +0800 CST
2018-02-23 07:33:33.710022001 +0800 CST
2018-02-23 07:33:33.423907002 +0800 CST
2018-02-23 07:33:33.393496006 +0800 CST
2018-02-23 07:33:33.744322006 +0800 CST
2018-02-23 07:33:33.403750005 +0800 CST
2018-02-23 07:33:33.998996003 +0800 CST
2018-02-23 07:33:33.535696006 +0800 CST
2018-02-23 07:33:33.141284006 +0800 CST
2018-02-23 07:33:33.021347005 +0800 CST
2018-02-23 07:33:33.159341006 +0800 CST
2018-02-23 07:33:33.945402002 +0800 CST
2018-02-23 07:33:33.040289002 +0800 CST
2018-02-23 07:33:33.468376006 +0800 CST
2018-02-23 07:33:33.585344003 +0800 CST
2018-02-23 07:33:33.805805 +0800 CST
2018-02-23 07:33:33.665978007 +0800 CST
2018-02-23 07:33:33.014222004 +0800 CST
2018-02-23 07:33:33.590642004 +0800 CST
2018-02-23 07:33:33.892800003 +0800 CST
2018-02-23 07:33:33.077627 +0800 CST
2018-02-23 07:33:33.880990004 +0800 CST
2018-02-23 07:33:33.591620007 +0800 CST
2018-02-23 07:33:33.145660005 +0800 CST
2018-02-23 07:33:33.191391006 +0800 CST
2018-02-23 07:33:33.376987002 +0800 CST
2018-02-23 07:33:33.462597006 +0800 CST
2018-02-23 07:33:33.915400001 +0800 CST
2018-02-23 07:33:33.762147006 +0800 CST
2018-02-23 07:33:33.592278005 +0800 CST
2018-02-23 07:33:33.516558006 +0800 CST
2018-02-23 07:33:33.666951007 +0800 CST
2018-02-23 07:33:33.067456004 +0800 CST
2018-02-23 07:33:33.627954007 +0800 CST
2018-02-23 07:33:33.488966002 +0800 CST
2018-02-23 07:33:33.315268007 +0800 CST
2018-02-23 07:33:33.859436001 +0800 CST
2018-02-23 07:33:33.388387004 +0800 CST
2018-02-23 07:33:33.912375005 +0800 CST
2018-02-23 07:33:33.010419006 +0800 CST
2018-02-23 07:33:33.663596003 +0800 CST
2018-02-23 07:33:33.679491005 +0800 CST
2018-02-23 07:33:33.677708003 +0800 CST
2018-02-23 07:33:33.237946001 +0800 CST
2018-02-23 07:33:33.915034005 +0800 CST
2018-02-23 07:33:33.245094007 +0800 CST
2018-02-23 07:33:33.303375005 +0800 CST
2018-02-23 07:33:33.915078003 +0800 CST
2018-02-23 07:33:33.880702005 +0800 CST
2018-02-23 07:33:33.525694006 +0800 CST
2018-02-23 07:33:33.574496006 +0800 CST
2018-02-23 07:33:33.726964007 +0800 CST
2018-02-23 07:33:33.624214002 +0800 CST
2018-02-23 07:33:33.500852002 +0800 CST
2018-02-23 07:33:33.272926005 +0800 CST
2018-02-23 07:33:33.669207001 +0800 CST
2018-02-23 07:33:33.914312005 +0800 CST
2018-02-23 07:33:33.675037005 +0800 CST
2018-02-23 07:33:33.887960001 +0800 CST
2018-02-23 07:33:33.318954004 +0800 CST
2018-02-23 07:33:33.476937005 +0800 CST
2018-02-23 07:33:33.402075 +0800 CST
2018-02-23 07:33:33.917970006 +0800 CST
2018-02-23 07:33:33.615600003 +0800 CST
2018-02-23 07:33:33.993305002 +0800 CST
2018-02-23 07:33:33.161538001 +0800 CST
2018-02-23 07:33:33.495884004 +0800 CST
2018-02-23 07:33:33.030463003 +0800 CST
2018-02-23 07:33:33.607344001 +0800 CST
2018-02-23 07:33:33.090308003 +0800 CST
2018-02-23 07:33:33.257143001 +0800 CST
2018-02-23 07:33:33.104025002 +0800 CST
2018-02-23 07:33:33.227181001 +0800 CST
2018-02-23 07:33:33.558961005 +0800 CST
2018-02-23 07:33:33.429081003 +0800 CST
2018-02-23 07:33:33.828328007 +0800 CST
2018-02-23 07:33:33.009092005 +0800 CST
2018-02-23 07:33:33.380722006 +0800 CST
2018-02-23 07:33:33.680326002 +0800 CST
2018-02-23 07:33:33.111798004 +0800 CST
2018-02-23 07:33:33.785049005 +0800 CST
2018-02-23 07:33:33.928809001 +0800 CST
2018-02-23 07:33:33.968664005 +0800 CST
2018-02-23 07:33:33.522777005 +0800 CST
2018-02-23 07:33:33.873527 +0800 CST
2018-02-23 07:33:33.960451006 +0800 CST
2018-02-23 07:33:33.843732004 +0800 CST
2018-02-23 07:33:33.399602005 +0800 CST
2018-02-23 07:33:33.942643003 +0800 CST
2018-02-23 07:33:33.797411007 +0800 CST
2018-02-23 07:33:33.556284004 +0800 CST
2018-02-23 07:33:33.517960003 +0800 CST
2018-02-23 07:33:33.880619002 +0800 CST
2018-02-23 07:33:33.693244004 +0800 CST
2018-02-23 07:33:33.307449004 +0800 CST
2018-02-23 07:33:33.701656005 +0800 CST
2018-02-23 07:33:33.109818001 +0800 CST
2018-02-23 07:33:33.255649003 +0800 CST
2018-02-23 07:33:33.694362 +0800 CST
2018-02-23 07:33:33.371469005 +0800 CST
2018-02-23 07:33:33.267878004 +0800 CST
2018-02-23 07:33:33.564407004 +0800 CST
2018-02-23 07:33:33.107619006 +0800 CST
2018-02-23 07:33:33.310970005 +0800 CST
2018-02-23 07:33:33.996620007 +0800 CST
2018-02-23 07:33:33.405278003 +0800 CST
2018-02-23 07:33:33.231911003 +0800 CST
2018-02-23 07:33:33.78623 +0800 CST
2018-02-23 07:33:33.074426006 +0800 CST
2018-02-23 07:33:33.563674002 +0800 CST
2018-02-23 07:33:33.905452005 +0800 CST
2018-02-23 07:33:33.694044006 +0800 CST
2018-02-23 07:33:33.836454003 +0800 CST
2018-02-23 07:33:33.135036003 +0800 CST
2018-02-23 07:33:33.054412 +0800 CST
2018-02-23 07:33:33.072791 +0800 CST
2018-02-23 07:33:33.473225 +0800 CST
2018-02-23 07:33:33.306526006 +0800 CST
2018-02-23 07:33:33.720813002 +0800 CST
2018-02-23 07:33:33.746709004 +0800 CST
2018-02-23 07:33:33.917679 +0800 CST
2018-02-23 07:33:33.882779004 +0800 CST
2018-02-23 07:33:33.464714005 +0800 CST
2018-02-23 07:33:33.475460004 +0800 CST
2018-02-23 07:33:33.595381 +0800 CST
2018-02-23 07:33:33.834625001 +0800 CST
2018-02-23 07:33:33.265555 +0800 CST
2018-02-23 07:33:33.479541 +0800 CST
2018-02-23 07:33:33.118906004 +0800 CST
2018-02-23 07:33:33.203050003 +0800 CST
2018-02-23 07:33:33.308853007 +0800 CST
2018-02-23 07:33:33.566316004 +0800 CST
2018-02-23 07:33:33.595674 +0800 CST
2018-02-23 07:33:33.046672 +0800 CST
2018-02-23 07:33:33.397867 +0800 CST
2018-02-23 07:33:33.872934002 +0800 CST
2018-02-23 07:33:33.649148004 +0800 CST
2018-02-23 07:33:33.153892 +0800 CST
2018-02-23 07:33:33.046491 +0800 CST
2018-02-23 07:33:33.74216 +0800 CST
2018-02-23 07:33:33.318134 +0800 CST
2018-02-23 07:33:33.972710001 +0800 CST
2018-02-23 07:33:33.749754 +0800 CST
2018-02-23 07:33:33.149615002 +0800 CST
2018-02-23 07:33:33.288842 +0800 CST
2018-02-23 07:33:33.653671 +0800 CST
2018-02-23 07:33:33.393822 +0800 CST
2018-02-23 07:33:33.102153 +0800 CST
2018-02-23 07:33:33.059434 +0800 CST
2018-02-23 07:33:33.190584 +0800 CST
2018-02-23 07:33:33.732060003 +0800 CST
2018-02-23 07:33:33.400797003 +0800 CST
2018-02-23 07:33:33.757110006 +0800 CST
2018-02-23 07:33:33.392475007 +0800 CST
2018-02-23 07:33:33.150168001 +0800 CST
2018-02-23 07:33:33.690221005 +0800 CST
2018-02-23 07:33:33.163962004 +0800 CST
2018-02-23 07:33:33.816770006 +0800 CST
2018-02-23 07:33:33.140886002 +0800 CST
2018-02-23 07:33:33.888010003 +0800 CST
2018-02-23 07:33:33.911512 +0800 CST
2018-02-23 07:33:33.298371007 +0800 CST
2018-02-23 07:33:33.068003005 +0800 CST
2018-02-23 07:33:33.172127002 +0800 CST
2018-02-23 07:33:33.621152001 +0800 CST
2018-02-23 07:33:33.551117005 +0800 CST
2018-02-23 07:33:33.212761006 +0800 CST
2018-02-23 07:33:33.614532003 +0800 CST
2018-02-23 07:33:33.325199003 +0800 CST
2018-02-23 07:33:33.809814 +0800 CST
2018-02-23 07:33:33.787258007 +0800 CST
2018-02-23 07:33:33.150192 +0800 CST
2018-02-23 07:33:33.387063006 +0800 CST
2018-02-23 07:33:33.800133001 +0800 CST
2018-02-23 07:33:33.375586 +0800 CST
2018-02-23 07:33:33.988479 +0800 CST
2018-02-23 07:33:33.184518 +0800 CST
2018-02-23 07:33:33.323355 +0800 CST
2018-02-23 07:33:33.462876 +0800 CST
2018-02-23 07:33:33.025098 +0800 CST
2018-02-23 07:33:33.235114 +0800 CST
2018-02-23 07:33:33.906583 +0800 CST
2018-02-23 07:33:33.400179001 +0800 CST
2018-02-23 07:33:33.196185001 +0800 CST
2018-02-23 07:33:33.747754002 +0800 CST
2018-02-23 07:33:33.163105 +0800 CST
2018-02-23 07:33:33.988324 +0800 CST
2018-02-23 07:33:33.187869 +0800 CST
2018-02-23 07:33:33.569576 +0800 CST
2018-02-23 07:33:33.894269 +0800 CST
2018-02-23 07:33:33.32063 +0800 CST
2018-02-23 07:33:33.873849 +0800 CST
2018-02-23 07:33:33.121362 +0800 CST
2018-02-23 07:33:33.422808 +0800 CST
2018-02-23 07:33:33.536871004 +0800 CST
2018-02-23 07:33:33.644643 +0800 CST
2018-02-23 07:33:33.793561 +0800 CST
2018-02-23 07:33:33.195543 +0800 CST
2018-02-23 07:33:33.322597001 +0800 CST
2018-02-23 07:33:33.730621001 +0800 CST
2018-02-23 07:33:33.762545 +0800 CST
2018-02-23 07:33:33.366188 +0800 CST
2018-02-23 07:33:33.233225 +0800 CST
2018-02-23 07:33:33.300163 +0800 CST
2018-02-23 07:33:33.667067 +0800 CST
2018-02-23 07:33:33.120187 +0800 CST
2018-02-23 07:33:33.072442 +0800 CST
2018-02-23 07:33:33.321065 +0800 CST
2018-02-23 07:33:33.467372 +0800 CST
2018-02-23 07:33:33.904734 +0800 CST
2018-02-23 07:33:33.761582 +0800 CST
2018-02-23 07:33:33.853727 +0800 CST
2018-02-23 07:33:33.212981 +0800 CST
2018-02-23 07:33:33.340426 +0800 CST
2018-02-23 07:33:33.554345 +0800 CST
2018-02-23 07:33:33.417379 +0800 CST
2018-02-23 07:33:33.401588 +0800 CST
2018-02-23 07:33:33.61244 +0800 CST
2018-02-23 07:33:33.749835 +0800 CST
2018-02-23 07:33:33.949983 +0800 CST
2018-02-23 07:33:33.899539004 +0800 CST
2018-02-23 07:33:33.279858 +0800 CST
2018-02-23 07:33:33.318986 +0800 CST
2018-02-23 07:33:33.821148 +0800 CST
2018-02-23 07:33:33.93589 +0800 CST
2018-02-23 07:33:33.221756 +0800 CST
2018-02-23 07:33:33.899342 +0800 CST
2018-02-23 07:33:33.172828 +0800 CST
2018-02-23 07:33:33.08368 +0800 CST
2018-02-23 07:33:33.393734 +0800 CST
2018-02-23 07:33:33.599352 +0800 CST
2018-02-23 07:33:33.001384 +0800 CST
2018-02-23 07:33:33.264253 +0800 CST
2018-02-23 07:33:33.495979 +0800 CST
2018-02-23 07:33:33.323826 +0800 CST
2018-02-23 07:33:33.741266 +0800 CST
2018-02-23 07:33:33.408043 +0800 CST
2018-02-23 07:33:33.828767 +0800 CST
2018-02-23 07:33:33.27098 +0800 CST
2018-02-23 07:33:33.934248 +0800 CST
2018-02-23 07:33:33.463664 +0800 CST
2018-02-23 07:33:33.599898006 +0800 CST
2018-02-23 07:33:33.642348003 +0800 CST
2018-02-23 07:33:33.799565001 +0800 CST
2018-02-23 07:33:33.246590005 +0800 CST
2018-02-23 07:33:33.767465004 +0800 CST
2018-02-23 07:33:33.891300003 +0800 CST
2018-02-23 07:33:33.426437 +0800 CST
2018-02-23 07:33:33.009141002 +0800 CST
2018-02-23 07:33:33.734891006 +0800 CST
2018-02-23 07:33:33.528269003 +0800 CST
2018-02-23 07:33:33.681650004 +0800 CST
2018-02-23 07:33:33.645665005 +0800 CST
2018-02-23 07:33:33.410041006 +0800 CST
2018-02-23 07:33:33.557551003 +0800 CST
2018-02-23 07:33:33.980907005 +0800 CST
2018-02-23 07:33:33.817992 +0800 CST
2018-02-23 07:33:33.246586007 +0800 CST
2018-02-23 07:33:33.062645004 +0800 CST
2018-02-23 07:33:33.236816001 +0800 CST
2018-02-23 07:33:33.076653006 +0800 CST
2018-02-23 07:33:33.469922004 +0800 CST
2018-02-23 07:33:33.279588 +0800 CST
2018-02-23 07:33:33.353270002 +0800 CST
2018-02-23 07:33:33.002997004 +0800 CST
2018-02-23 07:33:33.029484 +0800 CST
2018-02-23 07:33:33.141814 +0800 CST
2018-02-23 07:33:33.54361 +0800 CST
2018-02-23 07:33:33.693605004 +0800 CST
2018-02-23 07:33:33.048994 +0800 CST
2018-02-23 07:33:33.794927 +0800 CST
2018-02-23 07:33:33.734781 +0800 CST
2018-02-23 07:33:33.772763 +0800 CST
2018-02-23 07:33:33.615104 +0800 CST
2018-02-23 07:33:33.332947 +0800 CST
2018-02-23 07:33:33.04328 +0800 CST
2018-02-23 07:33:33.124626 +0800 CST
2018-02-23 07:33:33.523823 +0800 CST
2018-02-23 07:33:33.952874 +0800 CST
2018-02-23 07:33:33.662377 +0800 CST
2018-02-23 07:33:33.304916 +0800 CST
2018-02-23 07:33:33.929628 +0800 CST
2018-02-23 07:33:33.648491 +0800 CST
2018-02-23 07:33:33.007264 +0800 CST
2018-02-23 07:33:33.51291 +0800 CST
2018-02-23 07:33:33.369599001 +0800 CST
2018-02-23 07:33:33.749207 +0800 CST
2018-02-23 07:33:33.110009 +0800 CST
2018-02-23 07:33:33.457415 +0800 CST
2018-02-23 07:33:33.531336001 +0800 CST
2018-02-23 07:33:33.958528004 +0800 CST
2018-02-23 07:33:33.698131 +0800 CST
2018-02-23 07:33:33.240844 +0800 CST
2018-02-23 07:33:33.787954 +0800 CST
2018-02-23 07:33:33.392413001 +0800 CST
2018-02-23 07:33:33.166016002 +0800 CST
2018-02-23 07:33:33.299945003 +0800 CST
2018-02-23 07:33:33.243430007 +0800 CST
2018-02-23 07:33:33.318288004 +0800 CST
2018-02-23 07:33:33.943740007 +0800 CST
2018-02-23 07:33:33.349316006 +0800 CST
2018-02-23 07:33:33.504483004 +0800 CST
2018-02-23 07:33:33.577266001 +0800 CST
2018-02-23 07:33:33.498547004 +0800 CST
2018-02-23 07:33:33.418590006 +0800 CST
2018-02-23 07:33:33.534682001 +0800 CST
2018-02-23 07:33:33.418309002 +0800 CST
2018-02-23 07:33:33.342943002 +0800 CST
2018-02-23 07:33:33.917476006 +0800 CST
2018-02-23 07:33:33.322558005 +0800 CST
2018-02-23 07:33:33.890596006 +0800 CST
2018-02-23 07:33:33.394680004 +0800 CST
2018-02-23 07:33:33.420976006 +0800 CST
2018-02-23 07:33:33.444517 +0800 CST
2018-02-23 07:33:33.021233 +0800 CST
2018-02-23 07:33:33.744675004 +0800 CST
2018-02-23 07:33:33.273661006 +0800 CST
2018-02-23 07:33:33.567918002 +0800 CST
2018-02-23 07:33:33.305615003 +0800 CST
2018-02-23 07:33:33.552646007 +0800 CST
2018-02-23 07:33:33.889642003 +0800 CST
2018-02-23 07:33:33.575598005 +0800 CST
2018-02-23 07:33:33.171198004 +0800 CST
2018-02-23 07:33:33.810283001 +0800 CST
2018-02-23 07:33:33.255968007 +0800 CST
2018-02-23 07:33:33.075208002 +0800 CST
2018-02-23 07:33:33.103151 +0800 CST
2018-02-23 07:33:33.057943004 +0800 CST
2018-02-23 07:33:33.655803005 +0800 CST
2018-02-23 07:33:33.381883003 +0800 CST
2018-02-23 07:33:33.002388002 +0800 CST
2018-02-23 07:33:33.890364003 +0800 CST
2018-02-23 07:33:33.811385002 +0800 CST
2018-02-23 07:33:33.034230003 +0800 CST
2018-02-23 07:33:33.812395 +0800 CST
2018-02-23 07:33:33.736686 +0800 CST
2018-02-23 07:33:33.590891002 +0800 CST
2018-02-23 07:33:33.465347006 +0800 CST
2018-02-23 07:33:33.679032007 +0800 CST
2018-02-23 07:33:33.907928003 +0800 CST
2018-02-23 07:33:33.427264003 +0800 CST
2018-02-23 07:33:33.877813006 +0800 CST
2018-02-23 07:33:33.411648002 +0800 CST
2018-02-23 07:33:33.542655 +0800 CST
2018-02-23 07:33:33.223696002 +0800 CST
2018-02-23 07:33:33.068360005 +0800 CST
2018-02-23 07:33:33.385627 +0800 CST
2018-02-23 07:33:33.794493003 +0800 CST
2018-02-23 07:33:33.000107 +0800 CST
2018-02-23 07:33:33.413747003 +0800 CST
2018-02-23 07:33:33.761199005 +0800 CST
2018-02-23 07:33:33.649043004 +0800 CST
2018-02-23 07:33:33.411727007 +0800 CST
2018-02-23 07:33:33.748755005 +0800 CST
2018-02-23 07:33:33.980289001 +0800 CST
2018-02-23 07:33:33.235286004 +0800 CST
2018-02-23 07:33:33.118416 +0800 CST
2018-02-23 07:33:33.779164001 +0800 CST
2018-02-23 07:33:33.873425002 +0800 CST
2018-02-23 07:33:33.446920004 +0800 CST
2018-02-23 07:33:33.809766 +0800 CST
2018-02-23 07:33:33.364259004 +0800 CST
2018-02-23 07:33:33.360944005 +0800 CST
2018-02-23 07:33:33.289513004 +0800 CST
2018-02-23 07:33:33.74905 +0800 CST
2018-02-23 07:33:33.102752005 +0800 CST
2018-02-23 07:33:33.819018 +0800 CST
2018-02-23 07:33:33.514745001 +0800 CST
2018-02-23 07:33:33.997795004 +0800 CST
2018-02-23 07:33:33.91814 +0800 CST
2018-02-23 07:33:33.588629 +0800 CST
2018-02-23 07:33:33.983987 +0800 CST
2018-02-23 07:33:33.918638 +0800 CST
2018-02-23 07:33:33.800955 +0800 CST
2018-02-23 07:33:33.674406 +0800 CST
2018-02-23 07:33:33.658943 +0800 CST
2018-02-23 07:33:33.565113 +0800 CST
2018-02-23 07:33:33.64036 +0800 CST
2018-02-23 07:33:33.551875 +0800 CST
2018-02-23 07:33:33.878154 +0800 CST
2018-02-23 07:33:33.495994 +0800 CST
2018-02-23 07:33:33.917255001 +0800 CST
2018-02-23 07:33:33.083373 +0800 CST
2018-02-23 07:33:33.864809 +0800 CST
2018-02-23 07:33:33.178514 +0800 CST
2018-02-23 07:33:33.331945 +0800 CST
2018-02-23 07:33:33.926517 +0800 CST
2018-02-23 07:33:33.108238004 +0800 CST
2018-02-23 07:33:33.380917 +0800 CST
2018-02-23 07:33:33.805217 +0800 CST
2018-02-23 07:33:33.663274002 +0800 CST
2018-02-23 07:33:33.947427006 +0800 CST
2018-02-23 07:33:33.715812004 +0800 CST
2018-02-23 07:33:33.238059 +0800 CST
2018-02-23 07:33:33.643873 +0800 CST
2018-02-23 07:33:33.229645 +0800 CST
2018-02-23 07:33:33.302089 +0800 CST
2018-02-23 07:33:33.452512 +0800 CST
2018-02-23 07:33:33.735564 +0800 CST
2018-02-23 07:33:33.125202 +0800 CST
2018-02-23 07:33:33.595821 +0800 CST
2018-02-23 07:33:33.316058005 +0800 CST
2018-02-23 07:33:33.525316003 +0800 CST
2018-02-23 07:33:33.413025004 +0800 CST
2018-02-23 07:33:33.848679 +0800 CST
2018-02-23 07:33:33.285662 +0800 CST
2018-02-23 07:33:33.286087 +0800 CST
2018-02-23 07:33:33.692553 +0800 CST
2018-02-23 07:33:33.666401 +0800 CST
2018-02-23 07:33:33.016309 +0800 CST
2018-02-23 07:33:33.973118 +0800 CST
2018-02-23 07:33:33.624379 +0800 CST
2018-02-23 07:33:33.248341 +0800 CST
2018-02-23 07:33:33.44309 +0800 CST
2018-02-23 07:33:33.752751 +0800 CST
2018-02-23 07:33:33.902656 +0800 CST
2018-02-23 07:33:33.428082 +0800 CST
